# File generated by CMD 3.7 (http://stev.oapd.inaf.it/cmd) on Thu Jul 18 21:52:46 UTC 2024
# isochrones based on PARSEC release v1.2S +  COLIBRI S_37 + S_35 + PR16
# Basic references: Bressan et al. (2012), MNRAS, 427, 127 + Chen et al. (2014, 2015), MNRAS, 444, 2525 + MNRAS, 452, 1068 + Tang et al. (2014), MNRAS, 445, 4287 + Marigo et al. (2017), ApJ, 835, 77 + Pastorelli al. (2019), MNRAS, 485, 5666 + Pastorelli al. (2020), MNRAS, in press
# Thermal pulse cycles included 
# On RGB, assumed Reimers mass loss with efficiency eta=0.2
# LPV periods and growth rates added cf. Trabucchi et al. (2019)
# but fundamental-mode LPV periods are from Trabucchi et al. (2021)
# Photometric system: DECAM (ABmags)
# Using YBC version of bolometric corrections as in Chen et al. (2019)
# O-rich circumstellar dpmod60alox40 dust from Groenewegen (2006)
# C-rich circumstellar AMCSIC15 dust from Groenewegen (2006)
# IMF: Kroupa (2001, 2002) + Kroupa et al. (2013) canonical two-part-power law IMF corrected for unresolved binaries 
# Kind of output: isochrone tables
# Zini     MH   logAge Mini        int_IMF         Mass   logL    logTe  logg  label   McoreTP C_O  period0  period1  period2  period3  period4  pmode  Mloss  tau1m   X   Y   Xc  Xn  Xo  Cexcess  Z 	 mbolmag  umag    gmag    rmag    imag    zmag    Ymag
0.00043772 -1.55000 10.06819 0.0900000036 1.0816895926 0.090 -3.185 3.4766 5.436 1 0.000 0.545 0.00 0.00 0.00 0.00 0.00 -1 -5.24e-17 0.00 7.481e-01 2.514e-01 8.208e-05 2.215e-05 2.008e-04 -1.000 4.565e-04 12.734 17.878 16.181 14.238 12.603 12.072 11.966
0.00043772 -1.55000 10.06819 0.0994920060 1.1668488908 0.099 -2.899 3.5178 5.357 1 0.000 0.545 0.00 0.00 0.00 0.00 0.00 -1 -1.06e-16 0.00 7.463e-01 2.532e-01 8.208e-05 2.215e-05 2.008e-04 -1.000 4.565e-04 12.016 16.870 14.674 12.895 11.834 11.438 11.329
0.00043772 -1.55000 10.06819 0.1000000015 1.1711064122 0.100 -2.884 3.5198 5.353 1 0.000 0.545 0.00 0.00 0.00 0.00 0.00 -1 -1.09e-16 0.00 7.462e-01 2.533e-01 8.208e-05 2.215e-05 2.008e-04 -1.000 4.565e-04 11.980 16.809 14.6 12.832 11.796 11.405 11.297
0.00043772 -1.55000 10.06819 0.1138278469 1.2772213495 0.114 -2.680 3.5419 5.294 1 0.000 0.545 0.00 0.00 0.00 0.00 0.00 -1 -1.75e-16 0.00 7.444e-01 2.552e-01 8.208e-05 2.215e-05 2.008e-04 -1.000 4.565e-04 11.471 15.954 13.727 12.080 11.266 10.927 10.822
0.00043772 -1.55000 10.06819 0.1199999973 1.3193154249 0.120 -2.597 3.5509 5.270 1 0.000 0.545 0.00 0.00 0.00 0.00 0.00 -1 -2.13e-16 0.00 7.436e-01 2.559e-01 8.208e-05 2.215e-05 2.008e-04 -1.000 4.565e-04 11.263 15.583 13.382 11.787 11.051 10.730 10.628
0.00043772 -1.55000 10.06819 0.1313814223 1.3900132901 0.131 -2.490 3.5599 5.238 1 0.000 0.545 0.00 0.00 0.00 0.00 0.00 -1 -2.7e-16 0.00 7.425e-01 2.571e-01 8.208e-05 2.215e-05 2.008e-04 -1.000 4.565e-04 10.996 15.139 12.982999999 11.443 10.778 10.474 10.375
0.00043772 -1.55000 10.06819 0.1400000006 1.4384526719 0.140 -2.415 3.5662 5.216 1 0.000 0.545 0.00 0.00 0.00 0.00 0.00 -1 -3.19e-16 0.00 7.417e-01 2.579e-01 8.208e-05 2.215e-05 2.008e-04 -1.000 4.565e-04 10.808 14.821 12.708 11.208 10.587 10.295 10.197
0.00043772 -1.55000 10.06819 0.1599999964 1.5372931554 0.160 -2.273 3.5763 5.172 1 0.000 0.545 0.00 0.00 0.00 0.00 0.00 -1 -4.35e-16 0.00 7.403e-01 2.593e-01 8.208e-05 2.215e-05 2.008e-04 -1.000 4.565e-04 10.453 14.259 12.216999999 10.786 10.225 9.950 9.857
0.00043772 -1.55000 10.06819 0.2000000179 1.6938791367 0.200 -2.052 3.5894 5.100 1 0.000 0.545 0.00 0.00 0.00 0.00 0.00 -1 -7.03e-16 0.00 7.391e-01 2.604e-01 8.208e-05 2.215e-05 2.008e-04 -1.000 4.565e-04 9.899 13.430 11.498 10.163 9.665 9.412 9.324
0.00043772 -1.55000 10.06819 0.2500000000 1.8403257998 0.250 -1.848 3.6005 5.038 1 0.000 0.545 0.00 0.00 0.00 0.00 0.00 -1 -1.08e-15 0.00 7.391e-01 2.604e-01 8.207e-05 2.215e-05 2.008e-04 -1.000 4.565e-04 9.390 12.704 10.859 9.606 9.149 8.913 8.831
0.00043772 -1.55000 10.06819 0.2817905843 1.9149378718 0.282 -1.746 3.6061 5.010 1 0.000 0.545 0.00 0.00 0.00 0.00 0.00 -1 -1.33e-15 0.00 7.392e-01 2.603e-01 8.206e-05 2.215e-05 2.008e-04 -1.000 4.565e-04 9.135 12.345 10.542 9.330 8.891 8.663 8.584
0.00043772 -1.55000 10.06819 0.3000000417 1.9529140366 0.300 -1.693 3.6091 4.996 1 0.000 0.545 0.00 0.00 0.00 0.00 0.00 -1 -1.48e-15 0.00 7.393e-01 2.602e-01 8.205e-05 2.215e-05 2.008e-04 -1.000 4.565e-04 9.002 12.158 10.376 9.185 8.756 8.532 8.455
0.00043772 -1.55000 10.06819 0.3069982231 1.9667200725 0.307 -1.674 3.6102 4.992 1 0.000 0.545 0.00 0.00 0.00 0.00 0.00 -1 -1.53e-15 0.00 7.393e-01 2.602e-01 8.205e-05 2.215e-05 2.008e-04 -1.000 4.565e-04 8.955 12.091 10.317 9.134 8.708 8.486 8.409
0.00043772 -1.55000 10.06819 0.3499999940 2.0434174644 0.350 -1.567 3.6165 4.967 1 0.000 0.545 0.00 0.00 0.00 0.00 0.00 -1 -1.89e-15 0.00 7.393e-01 2.602e-01 8.202e-05 2.215e-05 2.008e-04 -1.000 4.564e-04 8.687 11.717 9.984 8.845 8.437 8.225 8.151
0.00043772 -1.55000 10.06819 0.4000000060 2.1185024399 0.400 -1.426 3.6275 4.928 1 0.000 0.545 0.00 0.00 0.00 0.00 0.00 -1 -2.56e-15 0.00 7.503e-01 2.492e-01 8.208e-05 2.215e-05 2.008e-04 -1.000 4.564e-04 8.336 11.184 9.5209999999 8.457 8.080 7.885 7.817
0.00043772 -1.55000 10.06819 0.4500000179 2.1822809362 0.450 -1.255 3.6458 4.881 1 0.000 0.545 0.00 0.00 0.00 0.00 0.00 -1 -3.78e-15 0.00 7.504e-01 2.491e-01 8.208e-05 2.215e-05 2.008e-04 -1.000 4.564e-04 7.906 10.469 8.92 7.973 7.645 7.477 7.418
0.00043772 -1.55000 10.06819 0.5000000000 2.2374541529 0.500 -1.062 3.6708 4.834 1 0.000 0.545 0.00 0.00 0.00 0.00 0.00 -1 -5.9e-15 0.00 7.504e-01 2.491e-01 8.208e-05 2.215e-05 2.008e-04 -1.000 4.564e-04 7.425 9.592 8.227 7.429 7.161 7.028 6.982
0.00043772 -1.55000 10.06819 0.5500000715 2.2836583126 0.550 -0.850 3.6951 4.760 1 0.000 0.544 0.00 0.00 0.00 0.00 0.00 -1 -9.98e-15 0.00 7.840e-01 2.156e-01 7.174e-05 1.937e-05 1.758e-04 -1.000 3.573e-04 6.894 8.678 7.529 6.856 6.635 6.535 6.502
0.00043772 -1.55000 10.06819 0.6000000238 2.3211213258 0.600 -0.642 3.7224 4.699 1 0.000 0.544 0.00 0.00 0.00 0.00 0.00 -1 -1.65e-14 0.00 7.948e-01 2.049e-01 6.861e-05 1.854e-05 1.682e-04 -1.000 3.632e-04 6.374 7.794 6.872 6.312 6.137 6.068 6.050
0.00043772 -1.55000 10.06819 0.6022150517 2.3226162554 0.602 -0.632 3.7237 4.696 1 0.000 0.544 0.00 0.00 0.00 0.00 0.00 -1 -1.69e-14 0.00 7.953e-01 2.043e-01 6.845e-05 1.849e-05 1.679e-04 -1.000 3.652e-04 6.350 7.755 6.842 6.287 6.115 6.048 6.030
0.00043772 -1.55000 10.06819 0.6153363585 2.3312186389 0.615 -0.575 3.7318 4.681 1 0.000 0.543 0.00 0.00 0.00 0.00 0.00 -1 -1.94e-14 0.00 7.987e-01 2.009e-01 6.748e-05 1.823e-05 1.656e-04 -1.000 3.657e-04 6.207 7.521 6.6659999999 6.142 5.983 5.925 5.911
0.00043772 -1.55000 10.06819 0.6265662909 2.3382529148 0.626 -0.526 3.7386 4.667 1 0.000 0.543 0.00 0.00 0.00 0.00 0.00 -1 -2.19e-14 0.00 8.017e-01 1.979e-01 6.661e-05 1.800e-05 1.635e-04 -1.000 3.674e-04 6.085 7.327 6.5189999999 6.019 5.870 5.819 5.808
0.00043772 -1.55000 10.06819 0.6374316216 2.3447882164 0.637 -0.478 3.7451 4.653 1 0.000 0.543 0.00 0.00 0.00 0.00 0.00 -1 -2.47e-14 0.00 8.048e-01 1.949e-01 6.574e-05 1.777e-05 1.614e-04 -1.000 3.696e-04 5.965 7.146 6.377 5.902 5.762 5.718 5.710
0.00043772 -1.55000 10.06819 0.6475302577 2.3506367610 0.647 -0.433 3.7510 4.638 1 0.000 0.543 0.00 0.00 0.00 0.00 0.00 -1 -4.99e-15 0.00 8.077e-01 1.919e-01 6.490e-05 1.755e-05 1.593e-04 -1.000 3.677e-04 5.853 6.979 6.2459999999 5.793 5.663 5.625 5.619
0.00043772 -1.55000 10.06819 0.6499999762 2.3520353107 0.650 -0.422 3.7524 4.635 1 0.000 0.543 0.00 0.00 0.00 0.00 0.00 -1 -2.83e-14 0.00 8.085e-01 1.912e-01 6.468e-05 1.749e-05 1.588e-04 -1.000 3.650e-04 5.826 6.939 6.2139999999 5.766 5.638 5.602 5.597
0.00043772 -1.55000 10.06819 0.6501837969 2.3521389161 0.650 -0.422 3.7525 4.635 1 0.000 0.543 0.00 0.00 0.00 0.00 0.00 -1 -2.84e-14 0.00 8.085e-01 1.911e-01 6.467e-05 1.748e-05 1.588e-04 -1.000 3.650e-04 5.824 6.936 6.212 5.764 5.637 5.600 5.596
0.00043772 -1.55000 10.06819 0.6633236408 2.3593740915 0.663 -0.362 3.7596 4.612 1 0.000 0.542 0.00 0.00 0.00 0.00 0.00 -1 -3.3e-14 0.00 8.134e-01 1.862e-01 6.326e-05 1.711e-05 1.555e-04 -1.000 3.709e-04 5.676 6.724 6.042 5.621 5.505 5.476 5.475
0.00043772 -1.55000 10.06819 0.6754879355 2.3657843603 0.675 -0.306 3.7659 4.590 1 0.000 0.542 0.00 0.00 0.00 0.00 0.00 -1 -3.82e-14 0.00 8.183e-01 1.813e-01 6.186e-05 1.674e-05 1.521e-04 -1.000 3.688e-04 5.536 6.536 5.8859999999 5.488 5.382 5.359 5.360
0.00043772 -1.55000 10.06819 0.6866624355 2.3714434445 0.686 -0.254 3.7716 4.567 1 0.000 0.542 0.00 0.00 0.00 0.00 0.00 -1 -4.25e-14 0.00 8.231e-01 1.766e-01 6.050e-05 1.637e-05 1.489e-04 -1.000 3.546e-04 5.405 6.364 5.7399999999 5.363 5.265 5.249 5.251
0.00043772 -1.55000 10.06819 0.6973166466 2.3766452566 0.697 -0.202 3.7769 4.543 1 0.000 0.541 0.00 0.00 0.00 0.00 0.00 -1 -4.71e-14 0.00 8.280e-01 1.717e-01 5.911e-05 1.600e-05 1.456e-04 -1.000 2.768e-04 5.276 6.199 5.598 5.240 5.151 5.139 5.144
0.00043772 -1.55000 10.06819 0.6999999881 2.3779266974 0.700 -0.189 3.7782 4.537 1 0.000 0.541 0.00 0.00 0.00 0.00 0.00 -1 -5.22e-14 0.00 8.293e-01 1.704e-01 5.874e-05 1.591e-05 1.447e-04 -1.000 2.744e-04 5.243 6.156 5.561 5.209 5.121 5.111 5.116
0.00043772 -1.55000 10.06819 0.7078215480 2.3815982483 0.708 -0.150 3.7818 4.517 1 0.000 0.540 0.00 0.00 0.00 0.00 0.00 -1 -5.81e-14 0.00 8.338e-01 1.659e-01 5.733e-05 1.556e-05 1.416e-04 -1.000 2.832e-04 5.144 6.035 5.454 5.115 5.033 5.026 5.033
0.00043772 -1.55000 10.06819 0.7175340056 2.3860295363 0.717 -0.099 3.7863 4.489 1 0.000 0.538 0.00 0.00 0.00 0.00 0.00 -1 -6.7e-14 0.00 8.394e-01 1.604e-01 5.561e-05 1.513e-05 1.379e-04 -1.000 2.802e-04 5.017 5.882 5.316 4.993 4.918 4.916 4.924
0.00043772 -1.55000 10.06819 0.7260585427 2.3898067018 0.726 -0.052 3.7901 4.463 1 0.000 0.536 0.00 0.00 0.00 0.00 0.00 -1 -7.65e-14 0.00 8.442e-01 1.556e-01 5.416e-05 1.478e-05 1.347e-04 -1.000 2.778e-04 4.899 5.744 5.1899999999 4.880 4.811 4.813 4.822
0.00043772 -1.55000 10.06819 0.7344750762 2.3934372619 0.734 -0.003 3.7937 4.434 1 0.000 0.534 0.00 0.00 0.00 0.00 0.00 -1 -8.79e-14 0.00 8.487e-01 1.510e-01 5.280e-05 1.445e-05 1.318e-04 -1.000 2.934e-04 4.777 5.604 5.0589999999 4.762 4.700 4.704 4.715
0.00043772 -1.55000 10.06819 0.7417034507 2.3964797794 0.741 0.041 3.7967 4.406 1 0.000 0.533 0.00 0.00 0.00 0.00 0.00 -1 -9.99e-14 0.00 8.524e-01 1.473e-01 5.173e-05 1.419e-05 1.295e-04 -1.000 2.847e-04 4.667 5.479 4.9419999999 4.656 4.598 4.606 4.617
0.00043772 -1.55000 10.06819 0.7487058043 2.3993628292 0.748 0.086 3.7995 4.376 1 0.000 0.531 0.00 0.00 0.00 0.00 0.00 -1 -7.05e-14 0.00 8.558e-01 1.439e-01 5.077e-05 1.396e-05 1.275e-04 -1.000 2.778e-04 4.555 5.352 4.8219999999 4.546 4.493 4.504 4.516
0.00043772 -1.55000 10.06819 0.7500000000 2.3998889087 0.749 0.094 3.8000 4.370 1 0.000 0.531 0.00 0.00 0.00 0.00 0.00 -1 -1.17e-13 0.00 8.564e-01 1.433e-01 5.061e-05 1.392e-05 1.271e-04 -1.000 2.790e-04 4.534 5.328 4.7989999999 4.525 4.473 4.484 4.496
0.00043772 -1.55000 10.06819 0.7534667850 2.4012878926 0.753 0.117 3.8014 4.355 1 0.000 0.531 0.00 0.00 0.00 0.00 0.00 -1 -1.25e-13 0.00 8.572e-01 1.425e-01 5.049e-05 1.389e-05 1.269e-04 -1.000 2.844e-04 4.476 5.265 4.7379999999 4.469 4.419 4.431 4.444
0.00043772 -1.55000 10.06819 0.7606793046 2.4041514922 0.760 0.168 3.8042 4.319 1 0.000 0.530 0.00 0.00 0.00 0.00 0.00 -1 -1.46e-13 0.00 8.588e-01 1.410e-01 5.028e-05 1.384e-05 1.264e-04 -1.000 2.822e-04 4.349 5.125 4.603 4.344 4.299 4.314 4.327
0.00043772 -1.55000 10.06819 0.7672802806 2.4067181018 0.766 0.218 3.8065 4.282 1 0.000 0.530 0.00 0.00 0.00 0.00 0.00 -1 -1.7e-13 0.00 8.600e-01 1.397e-01 5.011e-05 1.379e-05 1.261e-04 -1.000 2.709e-04 4.224 4.990 4.4719999999 4.221 4.180 4.197 4.211
0.00043772 -1.55000 10.06819 0.7733203769 2.4090225335 0.772 0.267 3.8083 4.244 1 0.000 0.529 0.00 0.00 0.00 0.00 0.00 -1 -1.98e-13 0.00 8.610e-01 1.387e-01 5.001e-05 1.377e-05 1.260e-04 -1.000 2.923e-04 4.101 4.859 4.343 4.100 4.061 4.080 4.095
0.00043772 -1.55000 10.06819 0.7789468765 2.4111322363 0.778 0.316 3.8095 4.203 1 0.000 0.529 0.00 0.00 0.00 0.00 0.00 -1 -2.32e-13 0.00 8.607e-01 1.390e-01 5.023e-05 1.384e-05 1.266e-04 -1.000 3.145e-04 3.980 4.731 4.217 3.979 3.943 3.962 3.978
0.00043772 -1.55000 10.06819 0.7828016281 2.4125574925 0.782 0.351 3.8101 4.172 1 0.000 0.529 0.00 0.00 0.00 0.00 0.00 -1 -2.6e-13 0.00 8.603e-01 1.394e-01 5.045e-05 1.390e-05 1.271e-04 -1.000 3.277e-04 3.893 4.641 4.127 3.892 3.857 3.877 3.892
0.00043772 -1.55000 10.06819 0.7842550874 2.4130907134 0.783 0.366 3.8100 4.158 1 0.000 0.529 0.00 0.00 0.00 0.00 0.00 -1 -2.74e-13 0.00 8.600e-01 1.396e-01 5.054e-05 1.392e-05 1.274e-04 -1.000 3.301e-04 3.856 4.604 4.09 3.855 3.820 3.840 3.855
0.00043772 -1.55000 10.06819 0.7899076343 2.4151429898 0.789 0.426 3.8086 4.096 1 0.000 0.529 0.00 0.00 0.00 0.00 0.00 -1 -3.34e-13 0.00 8.592e-01 1.404e-01 5.091e-05 1.402e-05 1.283e-04 -1.000 3.397e-04 3.706 4.457 3.94 3.702 3.665 3.684 3.699
0.00043772 -1.55000 10.06819 0.7942081690 2.4166819071 0.793 0.479 3.8054 4.032 1 0.000 0.529 0.00 0.00 0.00 0.00 0.00 -1 -4.06e-13 0.00 8.586e-01 1.410e-01 5.118e-05 1.410e-05 1.290e-04 -1.000 3.468e-04 3.573 4.336 3.812 3.565 3.524 3.540 3.554
0.00043772 -1.55000 10.06819 0.7949415445 2.4169424302 0.794 0.489 3.8045 4.019 1 0.000 0.529 0.00 0.00 0.00 0.00 0.00 -1 -4.25e-13 0.00 8.585e-01 1.411e-01 5.123e-05 1.411e-05 1.291e-04 -1.000 3.480e-04 3.548 4.314 3.789 3.539 3.497 3.512 3.525
0.00043772 -1.55000 10.06819 0.7956383228 2.4171894409 0.794 0.499 3.8033 4.004 1 0.000 0.529 0.00 0.00 0.00 0.00 0.00 -1 -4.42e-13 0.00 8.584e-01 1.412e-01 5.127e-05 1.413e-05 1.292e-04 -1.000 3.491e-04 3.521 4.292 3.765 3.512 3.468 3.482 3.494
0.00043772 -1.55000 10.06819 0.7979751229 2.4180142256 0.797 0.537 3.7984 3.948 2 0.000 0.529 0.00 0.00 0.00 0.00 0.00 -1 -5.09e-13 0.00 8.581e-01 1.416e-01 5.142e-05 1.417e-05 1.296e-04 -1.000 3.531e-04 3.429 4.218 3.682 3.414 3.363 3.372 3.383
0.00043772 -1.55000 10.06819 0.7997565269 2.4186392586 0.798 0.569 3.7927 3.894 2 0.000 0.529 0.00 0.00 0.00 0.00 0.00 -1 -5.83e-13 0.00 8.578e-01 1.418e-01 5.154e-05 1.420e-05 1.299e-04 -1.000 3.561e-04 3.348 4.163 3.614 3.328 3.268 3.272 3.281
0.00043772 -1.55000 10.06819 0.8000000119 2.4187244405 0.799 0.574 3.7915 3.884 2 0.000 0.529 0.00 0.00 0.00 0.00 0.00 -1 -5.97e-13 0.00 8.578e-01 1.418e-01 5.155e-05 1.420e-05 1.300e-04 -1.000 3.565e-04 3.335 4.156 3.604 3.314 3.253 3.255 3.264
0.00043772 -1.55000 10.06819 0.8010716438 2.4190986371 0.800 0.596 3.7860 3.841 2 0.000 0.529 0.00 0.00 0.00 0.00 0.00 -1 -6.6e-13 0.00 8.574e-01 1.422e-01 5.167e-05 1.423e-05 1.303e-04 -1.000 3.568e-04 3.280 4.126 3.562 3.254 3.184 3.181 3.188
0.00043772 -1.55000 10.06819 0.8021654487 2.4194793906 0.801 0.620 3.7791 3.789 2 0.000 0.530 0.00 0.00 0.00 0.00 0.00 -1 -7.41e-13 0.00 8.449e-01 1.547e-01 5.565e-05 1.532e-05 1.401e-04 -1.000 3.564e-04 3.219 4.101 3.519 3.187 3.107 3.097 3.101
0.00043772 -1.55000 10.06819 0.8030763865 2.4197955780 0.801 0.642 3.7721 3.740 2 0.000 0.531 0.00 0.00 0.00 0.00 0.00 -1 -8.24e-13 0.00 8.255e-01 1.741e-01 6.129e-05 1.684e-05 1.537e-04 -1.000 3.542e-04 3.165 4.089 3.483 3.128 3.037 3.020 3.022
0.00043772 -1.55000 10.06819 0.8038700223 2.4200703781 0.802 0.663 3.7653 3.692 2 0.000 0.533 0.00 0.00 0.00 0.00 0.00 -1 -9.13e-13 0.00 8.054e-01 1.943e-01 6.651e-05 1.824e-05 1.662e-04 -1.000 3.682e-04 3.112 4.079 3.45 3.072 2.970 2.946 2.945
0.00043772 -1.55000 10.06819 0.8046022058 2.4203233472 0.803 0.687 3.7587 3.643 2 0.000 0.535 0.00 0.00 0.00 0.00 0.00 -1 -1.02e-12 0.00 7.897e-01 2.099e-01 7.052e-05 1.931e-05 1.757e-04 -1.000 3.733e-04 3.054 4.066 3.411 3.010 2.898 2.868 2.864
0.00043772 -1.55000 10.06819 0.8053371906 2.4205767523 0.804 0.717 3.7522 3.586 2 0.000 0.536 0.00 0.00 0.00 0.00 0.00 -1 -1.17e-12 0.00 7.794e-01 2.202e-01 7.316e-05 2.002e-05 1.821e-04 -1.000 4.072e-04 2.977 4.037 3.355 2.931 2.809 2.772 2.766
0.00043772 -1.55000 10.06819 0.8059120178 2.4207745685 0.804 0.749 3.7476 3.537 2 0.000 0.536 0.00 0.00 0.00 0.00 0.00 -1 -1.33e-12 0.00 7.741e-01 2.255e-01 7.452e-05 2.038e-05 1.853e-04 -1.000 4.229e-04 2.897 3.991 3.29 2.851 2.721 2.680 2.671
0.00043772 -1.55000 10.06819 0.8064809442 2.4209700348 0.805 0.787 3.7438 3.483 2 0.000 0.536 0.00 0.00 0.00 0.00 0.00 -1 -1.55e-12 0.00 7.703e-01 2.293e-01 7.548e-05 2.063e-05 1.876e-04 -1.000 3.710e-04 2.801 3.924 3.207 2.755 2.620 2.574 2.564
0.00043772 -1.55000 10.06819 0.8066639304 2.4210328360 0.805 0.802 3.7429 3.465 2 0.000 0.536 0.00 0.00 0.00 0.00 0.00 -1 -1.64e-12 0.00 7.694e-01 2.302e-01 7.570e-05 2.069e-05 1.881e-04 -1.000 3.873e-04 2.764 3.895 3.174 2.718 2.581 2.534 2.524
0.00043772 -1.55000 10.06819 0.8071550131 2.4212012148 0.805 0.843 3.7404 3.414 3 0.000 0.537 0.00 0.00 0.00 0.00 0.00 -1 -1.9e-12 0.00 7.669e-01 2.326e-01 7.624e-05 2.084e-05 1.894e-04 -1.000 4.480e-04 2.662 3.811 3.079 2.616 2.475 2.426 2.414
0.00043772 -1.55000 10.06819 0.8076920509 2.4213850808 0.806 0.892 3.7381 3.356 3 0.000 0.537 0.00 0.00 0.00 0.00 0.00 -1 -2.27e-12 0.00 7.646e-01 2.350e-01 7.672e-05 2.097e-05 1.906e-04 -1.000 4.199e-04 2.540 3.709 2.966 2.495 2.350 2.298 2.285
0.00043772 -1.55000 10.06819 0.8081480265 2.4215409729 0.806 0.937 3.7363 3.305 3 0.000 0.537 0.00 0.00 0.00 0.00 0.00 -1 -2.67e-12 0.00 7.627e-01 2.369e-01 7.705e-05 2.106e-05 1.914e-04 -1.000 4.192e-04 2.428 3.612 2.86 2.383 2.236 2.182 2.168
0.00043772 -1.55000 10.06819 0.8085837364 2.4216897475 0.807 0.983 3.7346 3.252 3 0.000 0.537 0.00 0.00 0.00 0.00 0.00 -1 -3.15e-12 0.00 7.609e-01 2.386e-01 7.732e-05 2.113e-05 1.920e-04 -1.000 4.565e-04 2.313 3.511 2.751 2.269 2.119 2.063 2.049
0.00043772 -1.55000 10.06819 0.8090263009 2.4218406740 0.807 1.033 3.7330 3.196 3 0.000 0.537 0.00 0.00 0.00 0.00 0.00 -1 -3.77e-12 0.00 7.591e-01 2.404e-01 7.753e-05 2.121e-05 1.926e-04 -1.000 4.508e-04 2.188 3.399 2.632 2.145 1.992 1.934 1.919
0.00043772 -1.55000 10.06819 0.8094329834 2.4219791965 0.807 1.083 3.7314 3.140 3 0.000 0.536 0.00 0.00 0.00 0.00 0.00 -1 -4.51e-12 0.00 7.575e-01 2.421e-01 7.766e-05 2.127e-05 1.931e-04 -1.000 4.438e-04 2.063 3.287 2.513 2.021 1.866 1.806 1.790
0.00043772 -1.55000 10.06819 0.8097980618 2.4221034116 0.807 1.131 3.7299 3.085 3 0.000 0.535 0.00 0.00 0.00 0.00 0.00 -1 -5.36e-12 0.00 7.560e-01 2.436e-01 7.768e-05 2.135e-05 1.935e-04 -1.000 4.241e-04 1.942 3.178 2.397 1.901 1.744 1.682 1.665
0.00043772 -1.55000 10.06819 0.8101173043 2.4222119259 0.808 1.177 3.7285 3.034 3 0.000 0.534 0.00 0.00 0.00 0.00 0.00 -1 -6.32e-12 0.00 7.547e-01 2.449e-01 7.762e-05 2.145e-05 1.938e-04 -1.000 4.136e-04 1.828 3.076 2.288 1.788 1.629 1.565 1.547
0.00043772 -1.55000 10.06819 0.8104282618 2.4223175296 0.808 1.226 3.7270 2.980 3 0.000 0.533 0.00 0.00 0.00 0.00 0.00 -1 -7.53e-12 0.00 7.534e-01 2.462e-01 7.745e-05 2.161e-05 1.940e-04 -1.000 4.545e-04 1.706 2.967 2.173 1.667 1.506 1.441 1.422
0.00043772 -1.55000 10.06819 0.8107265830 2.4224187543 0.808 1.277 3.7254 2.922 3 0.000 0.530 0.00 0.00 0.00 0.00 0.00 -1 -9.04e-12 0.00 7.523e-01 2.473e-01 7.719e-05 2.185e-05 1.942e-04 -1.000 4.310e-04 1.579 2.855 2.051 1.541 1.377 1.310 1.290
0.00043772 -1.55000 10.06819 0.8109766841 2.4225035512 0.808 1.323 3.7239 2.870 3 0.000 0.528 0.00 0.00 0.00 0.00 0.00 -1 -1.07e-11 0.00 7.515e-01 2.481e-01 7.692e-05 2.211e-05 1.943e-04 -1.000 4.101e-04 1.462 2.752 1.94 1.425 1.259 1.190 1.170
0.00043772 -1.55000 10.06819 0.8112047911 2.4225808386 0.808 1.369 3.7224 2.818 3 0.000 0.526 0.00 0.00 0.00 0.00 0.00 -1 -1.26e-11 0.00 7.507e-01 2.488e-01 7.664e-05 2.239e-05 1.944e-04 -1.000 4.552e-04 1.347 2.650 1.831 1.311 1.142 1.071 1.050
0.00043772 -1.55000 10.06819 0.8114193082 2.4226534758 0.808 1.417 3.7208 2.764 3 0.000 0.524 0.00 0.00 0.00 0.00 0.00 -1 -1.5e-11 0.00 7.502e-01 2.494e-01 7.637e-05 2.266e-05 1.946e-04 -1.000 4.506e-04 1.228 2.546 1.719 1.194 1.023 0.950 0.928
0.00043772 -1.55000 10.06819 0.8116089702 2.4227176602 0.808 1.462 3.7192 2.712 3 0.000 0.522 0.00 0.00 0.00 0.00 0.00 -1 -1.77e-11 0.00 7.498e-01 2.498e-01 7.617e-05 2.288e-05 1.946e-04 -1.000 4.476e-04 1.114 2.447 1.612 1.081 0.907 0.833 0.810
0.00043772 -1.55000 10.06819 0.8117893338 2.4227786658 0.808 1.510 3.7175 2.658 3 0.000 0.521 0.00 0.00 0.00 0.00 0.00 -1 -2.1e-11 0.00 7.495e-01 2.500e-01 7.602e-05 2.305e-05 1.947e-04 -1.000 4.520e-04 0.996 2.345 1.5010000000 0.964 0.788 0.711 0.688
0.00043772 -1.55000 10.06819 0.8119482994 2.4228324080 0.808 1.555 3.7158 2.606 3 0.000 0.520 0.00 0.00 0.00 0.00 0.00 -1 -2.47e-11 0.00 7.493e-01 2.502e-01 7.592e-05 2.316e-05 1.947e-04 -1.000 4.565e-04 0.882 2.248 1.3940000000 0.851 0.672 0.594 0.569
0.00043772 -1.55000 10.06819 0.8120898008 2.4228802257 0.808 1.600 3.7141 2.555 3 0.000 0.520 0.00 0.00 0.00 0.00 0.00 -1 -2.9e-11 0.00 7.492e-01 2.503e-01 7.587e-05 2.322e-05 1.947e-04 -1.000 4.564e-04 0.771 2.154 1.291 0.743 0.561 0.480 0.455
0.00043772 -1.55000 10.06819 0.8122246265 2.4229257696 0.808 1.645 3.7124 2.502 3 0.000 0.520 0.00 0.00 0.00 0.00 0.00 -1 -3.43e-11 0.00 7.492e-01 2.504e-01 7.585e-05 2.325e-05 1.947e-04 -1.000 4.565e-04 0.656 2.056 1.184 0.630 0.445 0.362 0.336
0.00043772 -1.55000 10.06819 0.8123466372 2.4229669696 0.808 1.691 3.7106 2.449 3 0.000 0.520 0.00 0.00 0.00 0.00 0.00 -1 -4.05e-11 0.00 7.492e-01 2.504e-01 7.584e-05 2.325e-05 1.947e-04 -1.000 4.565e-04 0.543 1.964 1.079 0.517 0.330 0.245 0.218
0.00043772 -1.55000 10.06819 0.8124541044 2.4230032468 0.808 1.734 3.7089 2.399 3 0.000 0.520 0.00 0.00 0.00 0.00 0.00 -1 -4.74e-11 0.00 7.492e-01 2.504e-01 7.584e-05 2.326e-05 1.947e-04 -1.000 4.564e-04 0.435 1.876 0.979 0.410 0.220 0.133 0.105
0.00043772 -1.55000 10.06819 0.8125528097 2.4230365566 0.808 1.777 3.7071 2.349 3 0.000 0.520 0.00 0.00 0.00 0.00 0.00 -1 -5.54e-11 0.00 7.492e-01 2.504e-01 7.583e-05 2.327e-05 1.947e-04 -1.000 4.565e-04 0.328 1.791 0.88 0.304 0.111 0.022 -0.007
0.00043772 -1.55000 10.06819 0.8126483560 2.4230687915 0.808 1.822 3.7052 2.296 3 0.000 0.520 0.00 0.00 0.00 0.00 0.00 -1 -6.53e-11 0.00 7.492e-01 2.504e-01 7.583e-05 2.327e-05 1.947e-04 -1.000 4.563e-04 0.215 1.702 0.777 0.193 -0.003 -0.095 -0.125
0.00043772 -1.55000 10.06819 0.8127319217 2.4230969773 0.807 1.865 3.7034 2.246 3 0.000 0.520 0.00 0.00 0.00 0.00 0.00 -1 -7.64e-11 0.00 7.492e-01 2.504e-01 7.583e-05 2.328e-05 1.947e-04 -1.000 4.565e-04 0.109 1.619 0.679 0.088 -0.112 -0.205 -0.236
0.00043772 -1.55000 10.06819 0.8128088117 2.4231229056 0.807 1.907 3.7015 2.197 3 0.000 0.520 0.00 0.00 0.00 0.00 0.00 -1 -8.91e-11 0.00 7.491e-01 2.504e-01 7.582e-05 2.328e-05 1.947e-04 -1.000 4.565e-04 0.004 1.537 0.584 -0.015 -0.218 -0.314 -0.346
0.00043772 -1.55000 10.06819 0.8128816485 2.4231474619 0.807 1.949 3.6996 2.146 3 0.000 0.520 0.00 0.00 0.00 0.00 0.00 -1 -1.04e-10 0.00 7.491e-01 2.504e-01 7.582e-05 2.329e-05 1.947e-04 -1.000 4.565e-04 -0.103 1.455 0.4870000000 -0.120 -0.326 -0.424 -0.457
0.00043772 -1.55000 10.06819 0.8129457235 2.4231690600 0.807 1.989 3.6978 2.099 3 0.000 0.520 0.00 0.00 0.00 0.00 0.00 -1 -1.21e-10 0.00 7.491e-01 2.504e-01 7.582e-05 2.329e-05 1.947e-04 -1.000 4.565e-04 -0.202 1.381 0.398 -0.217 -0.427 -0.527 -0.561
0.00043772 -1.55000 10.06819 0.8130074739 2.4231898709 0.806 2.027 3.6960 2.054 3 0.000 0.520 0.00 0.00 0.00 0.00 0.00 -1 -1.39e-10 0.00 7.491e-01 2.504e-01 7.581e-05 2.330e-05 1.947e-04 -1.000 4.564e-04 -0.298 1.310 0.313 -0.310 -0.523 -0.625 -0.661
0.00043772 -1.55000 10.06819 0.8130715489 2.4232114613 0.806 2.062 3.6944 2.012 3 0.000 0.520 0.00 0.00 0.00 0.00 0.00 -1 -1.58e-10 0.00 7.491e-01 2.504e-01 7.581e-05 2.330e-05 1.947e-04 -1.000 4.565e-04 -0.386 1.244 0.235 -0.396 -0.611 -0.716 -0.752
0.00043772 -1.55000 10.06819 0.8131288290 2.4232307589 0.805 2.087 3.6933 1.983 3 0.000 0.520 0.00 0.00 0.00 0.00 0.00 -1 -1.73e-10 0.00 7.491e-01 2.504e-01 7.581e-05 2.330e-05 1.947e-04 -1.000 4.564e-04 -0.447 1.199 0.18 -0.455 -0.673 -0.779 -0.816
0.00043772 -1.55000 10.06819 0.8131737113 2.4232458774 0.805 2.072 3.6943 2.001 3 0.000 0.520 0.00 0.00 0.00 0.00 0.00 -1 -1.66e-10 0.00 7.491e-01 2.504e-01 7.581e-05 2.331e-05 1.947e-04 -1.000 4.565e-04 -0.411 1.221 0.21 -0.421 -0.637 -0.741 -0.777
0.00043772 -1.55000 10.06819 0.8131796718 2.4232478851 0.805 2.070 3.6945 2.003 3 0.000 0.520 0.00 0.00 0.00 0.00 0.00 -1 -1.65e-10 0.00 7.491e-01 2.504e-01 7.581e-05 2.331e-05 1.947e-04 -1.000 4.564e-04 -0.406 1.224 0.214 -0.416 -0.632 -0.736 -0.772
0.00043772 -1.55000 10.06819 0.8132107854 2.4232583644 0.805 2.097 3.6932 1.972 3 0.000 0.520 0.00 0.00 0.00 0.00 0.00 -1 -1.8e-10 0.00 7.491e-01 2.504e-01 7.580e-05 2.331e-05 1.947e-04 -1.000 4.565e-04 -0.471 1.177 0.156 -0.480 -0.698 -0.804 -0.841
0.00043772 -1.55000 10.06819 0.8132579923 2.4232742622 0.804 2.139 3.6911 1.921 3 0.000 0.520 0.00 0.00 0.00 0.00 0.00 -1 -2.09e-10 0.00 7.491e-01 2.504e-01 7.580e-05 2.331e-05 1.947e-04 -1.000 4.564e-04 -0.577 1.105 0.063 -0.583 -0.805 -0.914 -0.952
0.00043772 -1.55000 10.06819 0.8133019209 2.4232890542 0.804 2.181 3.6890 1.870 3 0.000 0.520 0.00 0.00 0.00 0.00 0.00 -1 -2.44e-10 0.00 7.491e-01 2.504e-01 7.580e-05 2.332e-05 1.947e-04 -1.000 4.565e-04 -0.682 1.035 -0.028 -0.685 -0.911 -1.022 -1.062
0.00043772 -1.55000 10.06819 0.8133424520 2.4233027005 0.803 2.223 3.6869 1.820 3 0.000 0.520 0.00 0.00 0.00 0.00 0.00 -1 -2.85e-10 0.00 7.491e-01 2.504e-01 7.580e-05 2.332e-05 1.947e-04 -1.000 4.565e-04 -0.786 0.967 -0.118000000 -0.785 -1.015 -1.130 -1.171
0.00043772 -1.55000 10.06819 0.8133780956 2.4233146999 0.803 2.262 3.6847 1.772 3 0.000 0.520 0.00 0.00 0.00 0.00 0.00 -1 -3.31e-10 0.00 7.491e-01 2.504e-01 7.580e-05 2.332e-05 1.947e-04 -1.000 4.564e-04 -0.885 0.910 -0.202 -0.881 -1.115 -1.233 -1.274
0.00043772 -1.55000 10.06819 0.8134127855 2.4233263771 0.802 2.303 3.6826 1.722 3 0.000 0.519 0.00 0.00 0.00 0.00 0.00 -1 -3.85e-10 0.00 7.491e-01 2.504e-01 7.579e-05 2.332e-05 1.947e-04 -1.000 4.564e-04 -0.988 0.856 -0.29 -0.983 -1.221 -1.341 -1.384
0.00043772 -1.55000 10.06819 0.8134433031 2.4233366489 0.802 2.342 3.6804 1.673 3 0.000 0.519 0.00 0.00 0.00 0.00 0.00 -1 -4.45e-10 0.00 7.491e-01 2.505e-01 7.579e-05 2.332e-05 1.947e-04 -1.000 4.564e-04 -1.085 0.813 -0.37 -1.079 -1.320 -1.443 -1.487
0.00043772 -1.55000 10.06819 0.8134728670 2.4233465988 0.801 2.382 3.6782 1.624 3 0.000 0.519 0.00 0.00 0.00 0.00 0.00 -1 -5.17e-10 0.00 7.491e-01 2.505e-01 7.579e-05 2.333e-05 1.947e-04 -1.000 4.565e-04 -1.186 0.767 -0.452999999 -1.178 -1.423 -1.548 -1.594
0.00043772 -1.55000 10.06819 0.8134992123 2.4233554648 0.800 2.421 3.6760 1.576 3 0.000 0.519 0.00 0.00 0.00 0.00 0.00 -1 -5.97e-10 0.00 7.491e-01 2.505e-01 7.579e-05 2.333e-05 1.947e-04 -1.000 4.564e-04 -1.282 0.731 -0.529 -1.271 -1.521 -1.649 -1.696
0.00043772 -1.55000 10.06819 0.8135297894 2.4233657541 0.799 2.469 3.6732 1.517 3 0.000 0.519 0.00 0.00 0.00 0.00 0.00 -1 -7.14e-10 0.00 7.491e-01 2.505e-01 7.579e-05 2.333e-05 1.947e-04 -1.000 4.564e-04 -1.402 0.687 -0.624 -1.388 -1.643 -1.775 -1.824
0.00043772 -1.55000 10.06819 0.8135569692 2.4233748994 0.798 2.515 3.6704 1.458 3 0.000 0.519 7.31 5.75 4.08 3.15 2.55 3 -8.5e-10 0.00 7.491e-01 2.505e-01 7.579e-05 2.333e-05 1.947e-04 -1.000 4.565e-04 -1.519 0.657 -0.711 -1.501 -1.762 -1.897 -1.948
0.00043772 -1.55000 10.06819 0.8135783672 2.4233820989 0.797 2.555 3.6682 1.410 3 0.000 0.519 8.11 6.28 4.43 3.43 2.78 3 -9.87e-10 0.00 7.491e-01 2.505e-01 7.579e-05 2.333e-05 1.947e-04 -1.000 4.564e-04 -1.617 0.635 -0.783 -1.595 -1.861 -2.000 -2.053
0.00043772 -1.55000 10.06819 0.8136010766 2.4233897390 0.796 2.599 3.6653 1.353 3 0.000 0.519 9.14 6.96 4.89 3.79 3.07 3 -1.17e-09 0.00 7.491e-01 2.505e-01 7.579e-05 2.333e-05 1.947e-04 -1.000 4.565e-04 -1.729 0.621 -0.862 -1.702 -1.975 -2.117 -2.172
0.00043772 -1.55000 10.06819 0.8136193156 2.4233958749 0.795 2.638 3.6630 1.305 3 0.000 0.519 10.12 7.59 5.31 4.13 3.34 3 -1.35e-09 0.00 7.491e-01 2.505e-01 7.579e-05 2.334e-05 1.947e-04 -1.000 4.565e-04 -1.825 0.610 -0.928999999 -1.794 -2.072 -2.218 -2.274
0.00043772 -1.55000 10.06819 0.8136384487 2.4234023111 0.794 2.681 3.6602 1.249 3 0.000 0.519 11.38 8.39 5.84 4.55 3.68 3 -1.59e-09 0.00 7.491e-01 2.505e-01 7.578e-05 2.334e-05 1.947e-04 -1.000 4.565e-04 -1.933 0.610 -1.0 -1.896 -2.182 -2.332 -2.391
0.00043772 -1.55000 10.06819 0.8136568666 2.4234085065 0.792 2.726 3.6573 1.192 3 0.000 0.519 12.84 9.30 6.45 5.02 4.07 3 -1.89e-09 0.00 7.491e-01 2.505e-01 7.578e-05 2.334e-05 1.947e-04 -1.000 4.565e-04 -2.046 0.611 -1.071 -2.000 -2.293 -2.448 -2.509
0.00043772 -1.55000 10.06819 0.8136739731 2.4234142604 0.790 2.771 3.6544 1.134 3 0.000 0.519 14.50 10.32 7.12 5.56 4.50 2 -2.24e-09 0.00 7.491e-01 2.505e-01 7.578e-05 2.334e-05 1.947e-04 -1.000 4.565e-04 -2.159 0.589 -1.146 -2.101 -2.403 -2.563 -2.626
0.00043772 -1.55000 10.06819 0.8136888742 2.4234192723 0.789 2.814 3.6515 1.079 3 0.000 0.519 16.27 11.38 7.82 6.11 4.95 2 -2.63e-09 0.00 7.491e-01 2.505e-01 7.578e-05 2.334e-05 1.947e-04 -1.000 4.565e-04 -2.264 0.574 -1.215 -2.195 -2.505 -2.670 -2.735
0.00043772 -1.55000 10.06819 0.8137034178 2.4234241638 0.787 2.858 3.6486 1.022 3 0.000 0.519 18.34 12.61 8.62 6.75 5.47 2 -3.12e-09 0.00 7.491e-01 2.505e-01 7.578e-05 2.334e-05 1.947e-04 -1.000 4.564e-04 -2.375 0.555 -1.287 -2.294 -2.612 -2.782 -2.849
0.00043772 -1.55000 10.06819 0.8137161732 2.4234284536 0.785 2.899 3.6457 0.968 3 0.000 0.519 20.56 13.90 9.46 7.42 6.01 2 -3.65e-09 0.00 7.491e-01 2.505e-01 7.578e-05 2.334e-05 1.947e-04 -1.000 4.564e-04 -2.478 0.550 -1.348 -2.383 -2.710 -2.886 -2.956
0.00043772 -1.55000 10.06819 0.8137283921 2.4234325630 0.782 2.942 3.6428 0.912 3 0.000 0.519 23.12 15.36 10.41 8.17 6.63 2 -4.3e-09 0.00 7.491e-01 2.505e-01 7.578e-05 2.334e-05 1.947e-04 -1.000 4.564e-04 -2.585 0.546 -1.409 -2.475 -2.812 -2.993 -3.066
0.00043772 -1.55000 10.06819 0.8137398362 2.4234364115 0.779 2.985 3.6398 0.856 3 0.000 0.519 26.02 16.98 11.46 9.01 7.31 1 -5.08e-09 0.00 7.491e-01 2.505e-01 7.578e-05 2.334e-05 1.947e-04 -1.000 4.565e-04 -2.692 0.544 -1.47 -2.567 -2.914 -3.101 -3.176
0.00043772 -1.55000 10.06819 0.8137499094 2.4234397990 0.777 3.025 3.6369 0.803 3 0.000 0.519 29.10 18.68 12.55 9.88 8.02 1 -5.93e-09 0.00 7.491e-01 2.505e-01 7.578e-05 2.334e-05 1.947e-04 -1.000 4.564e-04 -2.792 0.548 -1.521 -2.650 -3.007 -3.200 -3.278
0.00043772 -1.55000 10.06819 0.8137596250 2.4234430661 0.774 3.066 3.6340 0.749 3 0.000 0.519 32.64 20.60 13.77 10.87 8.82 1 -6.95e-09 0.00 7.491e-01 2.505e-01 7.578e-05 2.334e-05 1.947e-04 -1.000 4.565e-04 -2.895 0.550 -1.574 -2.735 -3.104 -3.302 -3.383
0.00043772 -1.55000 10.06819 0.8137687445 2.4234461327 0.770 3.107 3.6310 0.694 3 0.000 0.519 36.63 22.71 15.12 11.95 9.70 1 -8.15e-09 0.00 7.491e-01 2.505e-01 7.578e-05 2.335e-05 1.947e-04 -1.000 4.565e-04 -2.997 0.555 -1.623999999 -2.820 -3.199 -3.404 -3.487
0.00043772 -1.55000 10.06819 0.8137770295 2.4234489186 0.767 3.147 3.6281 0.640 3 0.000 0.519 40.98 24.98 16.56 13.11 10.64 1 -9.53e-09 0.00 7.491e-01 2.505e-01 7.578e-05 2.335e-05 1.947e-04 -1.000 4.565e-04 -3.096 0.560 -1.671 -2.900 -3.290 -3.501 -3.587
0.00043772 -1.55000 10.06819 0.8137852550 2.4234516844 0.762 3.188 3.6252 0.585 3 0.000 0.519 46.09 27.60 18.21 14.44 11.72 1 -1.12e-08 0.00 7.491e-01 2.505e-01 7.578e-05 2.335e-05 1.947e-04 -1.000 4.564e-04 -3.201 0.560 -1.722 -2.984 -3.386 -3.604 -3.693
0.00043772 -1.55000 10.06819 0.8137926459 2.4234541696 0.758 3.228 3.6223 0.531 3 0.000 0.519 51.59 30.37 19.95 15.84 12.86 1 -1.31e-08 0.00 7.491e-01 2.505e-01 7.578e-05 2.335e-05 1.947e-04 -1.000 4.564e-04 -3.299 0.565 -1.767 -3.063 -3.476 -3.700 -3.792
0.00043772 -1.55000 10.06819 0.8137997985 2.4234565745 0.753 3.268 3.6194 0.477 3 0.000 0.519 57.82 33.44 21.87 17.39 14.12 1 -1.53e-08 0.00 7.491e-01 2.505e-01 7.578e-05 2.335e-05 1.947e-04 -1.000 4.565e-04 -3.399 0.569 -1.809 -3.141 -3.566 -3.798 -3.892
0.00043772 -1.55000 10.06819 0.8138057590 2.4234585786 0.748 3.299 3.6171 0.433 3 0.000 0.519 63.34 36.11 23.53 18.74 15.22 1 -1.75e-08 0.00 7.491e-01 2.505e-01 7.578e-05 2.335e-05 1.947e-04 -1.000 4.565e-04 -3.478 0.570 -1.836 -3.200 -3.637 -3.874 -3.971
0.00043772 -1.55000 10.06819 0.8138057590 2.4234585786 0.748 1.724 3.7787 2.654 4 0.000 0.526 0.00 0.00 0.00 0.00 0.00 -1 -1e-30 0.00 7.438e-01 2.558e-01 7.843e-05 2.301e-05 1.992e-04 -1.000 4.564e-04 0.459 1.307 0.712 0.408 0.339 0.326 0.329
0.00043772 -1.55000 10.06819 0.8138091564 2.4234597209 0.748 1.727 3.7781 2.649 4 0.000 0.526 0.00 0.00 0.00 0.00 0.00 -1 -1e-30 0.00 7.438e-01 2.558e-01 7.843e-05 2.301e-05 1.992e-04 -1.000 4.564e-04 0.452 1.305 0.708 0.402 0.331 0.318 0.320
0.00043772 -1.55000 10.06819 0.8138661385 2.4234788780 0.748 1.743 3.7752 2.622 4 0.000 0.526 0.00 0.00 0.00 0.00 0.00 -1 -1e-30 0.00 7.438e-01 2.558e-01 7.843e-05 2.301e-05 1.992e-04 -1.000 4.565e-04 0.412 1.283 0.677 0.361 0.285 0.269 0.271
0.00043772 -1.55000 10.06819 0.8139237165 2.4234982324 0.748 1.745 3.7754 2.620 4 0.000 0.526 0.00 0.00 0.00 0.00 0.00 -1 -1e-30 0.00 7.438e-01 2.558e-01 7.843e-05 2.301e-05 1.992e-04 -1.000 4.564e-04 0.407 1.277 0.672 0.356 0.281 0.265 0.266
0.00043772 -1.55000 10.06819 0.8139825463 2.4235180043 0.748 1.746 3.7760 2.622 4 0.000 0.526 0.00 0.00 0.00 0.00 0.00 -1 -1e-30 0.00 7.438e-01 2.558e-01 7.843e-05 2.301e-05 1.992e-04 -1.000 4.564e-04 0.405 1.271 0.667 0.354 0.280 0.264 0.266
0.00043772 -1.55000 10.06819 0.8140408397 2.4235375927 0.748 1.746 3.7769 2.625 4 0.000 0.526 0.00 0.00 0.00 0.00 0.00 -1 -1e-30 0.00 7.438e-01 2.558e-01 7.843e-05 2.301e-05 1.992e-04 -1.000 4.564e-04 0.405 1.265 0.664 0.354 0.281 0.266 0.268
0.00043772 -1.55000 10.06819 0.8140956759 2.4235560164 0.748 1.746 3.7779 2.630 4 0.000 0.526 0.00 0.00 0.00 0.00 0.00 -1 -1e-30 0.00 7.438e-01 2.558e-01 7.843e-05 2.301e-05 1.992e-04 -1.000 4.564e-04 0.405 1.258 0.66 0.354 0.283 0.270 0.272
0.00043772 -1.55000 10.06819 0.8141496181 2.4235741370 0.748 1.745 3.7792 2.635 4 0.000 0.526 0.00 0.00 0.00 0.00 0.00 -1 -1e-30 0.00 7.438e-01 2.558e-01 7.843e-05 2.301e-05 1.992e-04 -1.000 4.564e-04 0.407 1.252 0.657 0.356 0.287 0.275 0.278
0.00043772 -1.55000 10.06819 0.8142040968 2.4235924350 0.748 1.744 3.7806 2.642 4 0.000 0.526 0.00 0.00 0.00 0.00 0.00 -1 -1e-30 0.00 7.438e-01 2.558e-01 7.843e-05 2.301e-05 1.992e-04 -1.000 4.564e-04 0.409 1.245 0.654 0.358 0.291 0.280 0.284
0.00043772 -1.55000 10.06819 0.8142611384 2.4236115908 0.748 1.743 3.7821 2.649 4 0.000 0.526 0.00 0.00 0.00 0.00 0.00 -1 -1e-30 0.00 7.438e-01 2.558e-01 7.843e-05 2.301e-05 1.992e-04 -1.000 4.564e-04 0.411 1.239 0.651 0.360 0.297 0.287 0.291
0.00043772 -1.55000 10.06819 0.8143174052 2.4236304833 0.748 1.743 3.7836 2.656 4 0.000 0.526 0.00 0.00 0.00 0.00 0.00 -1 -1e-30 0.00 7.438e-01 2.558e-01 7.843e-05 2.301e-05 1.992e-04 -1.000 4.565e-04 0.414 1.233 0.648 0.363 0.302 0.293 0.298
0.00043772 -1.55000 10.06819 0.8143752813 2.4236499131 0.748 1.742 3.7850 2.662 4 0.000 0.526 0.00 0.00 0.00 0.00 0.00 -1 -1e-30 0.00 7.438e-01 2.558e-01 7.843e-05 2.301e-05 1.992e-04 -1.000 4.565e-04 0.416 1.227 0.645 0.365 0.306 0.299 0.304
0.00043772 -1.55000 10.06819 0.8144326806 2.4236691797 0.749 1.741 3.7862 2.668 4 0.000 0.526 0.00 0.00 0.00 0.00 0.00 -1 -1e-30 0.00 7.438e-01 2.558e-01 7.843e-05 2.301e-05 1.992e-04 -1.000 4.564e-04 0.417 1.222 0.643 0.367 0.310 0.304 0.309
0.00043772 -1.55000 10.06819 0.8144894242 2.4236882231 0.749 1.741 3.7872 2.672 4 0.000 0.526 0.00 0.00 0.00 0.00 0.00 -1 -1e-30 0.00 7.438e-01 2.558e-01 7.843e-05 2.301e-05 1.992e-04 -1.000 4.564e-04 0.418 1.218 0.64 0.368 0.313 0.308 0.314
0.00043772 -1.55000 10.06819 0.8145443201 2.4237066435 0.749 1.741 3.7879 2.675 4 0.000 0.526 0.00 0.00 0.00 0.00 0.00 -1 -1e-30 0.00 7.438e-01 2.558e-01 7.843e-05 2.301e-05 1.992e-04 -1.000 4.564e-04 0.419 1.214 0.638 0.368 0.315 0.310 0.316
0.00043772 -1.55000 10.06819 0.8145683408 2.4237147028 0.749 1.741 3.7882 2.676 4 0.000 0.526 0.00 0.00 0.00 0.00 0.00 -1 -1e-30 0.00 7.438e-01 2.558e-01 7.843e-05 2.301e-05 1.992e-04 -1.000 4.564e-04 0.419 1.213 0.637 0.368 0.315 0.311 0.317
0.00043772 -1.55000 10.06819 0.8145807981 2.4237188822 0.749 1.741 3.7882 2.676 4 0.000 0.526 0.00 0.00 0.00 0.00 0.00 -1 -1e-30 0.00 7.438e-01 2.558e-01 7.843e-05 2.301e-05 1.992e-04 -1.000 4.565e-04 0.418 1.212 0.637 0.368 0.315 0.311 0.317
0.00043772 -1.55000 10.06819 0.8146353960 2.4237371979 0.749 1.741 3.7882 2.676 4 0.000 0.526 0.00 0.00 0.00 0.00 0.00 -1 -1e-30 0.00 7.438e-01 2.558e-01 7.843e-05 2.301e-05 1.992e-04 -1.000 4.564e-04 0.417 1.211 0.636 0.367 0.314 0.310 0.316
0.00043772 -1.55000 10.06819 0.8146907687 2.4237557706 0.749 1.742 3.7879 2.674 4 0.000 0.526 0.00 0.00 0.00 0.00 0.00 -1 -1e-30 0.00 7.438e-01 2.558e-01 7.843e-05 2.301e-05 1.992e-04 -1.000 4.565e-04 0.415 1.211 0.635 0.365 0.312 0.307 0.313
0.00043772 -1.55000 10.06819 0.8147451282 2.4237740007 0.749 1.743 3.7872 2.670 4 0.000 0.526 0.00 0.00 0.00 0.00 0.00 -1 -1e-30 0.00 7.438e-01 2.558e-01 7.843e-05 2.301e-05 1.992e-04 -1.000 4.564e-04 0.413 1.212 0.635 0.362 0.307 0.302 0.308
0.00043772 -1.55000 10.06819 0.8147987127 2.4237919682 0.749 1.744 3.7860 2.664 4 0.000 0.526 0.00 0.00 0.00 0.00 0.00 -1 -1e-30 0.00 7.438e-01 2.558e-01 7.843e-05 2.301e-05 1.992e-04 -1.000 4.564e-04 0.409 1.215 0.635 0.358 0.302 0.295 0.301
0.00043772 -1.55000 10.06819 0.8148520589 2.4238098530 0.749 1.746 3.7844 2.656 4 0.000 0.526 0.00 0.00 0.00 0.00 0.00 -1 -1e-30 0.00 7.438e-01 2.558e-01 7.843e-05 2.301e-05 1.992e-04 -1.000 4.565e-04 0.404 1.219 0.636 0.353 0.294 0.286 0.291
0.00043772 -1.55000 10.06819 0.8149050474 2.4238276152 0.749 1.749 3.7824 2.645 4 0.000 0.526 0.00 0.00 0.00 0.00 0.00 -1 -1e-30 0.00 7.438e-01 2.558e-01 7.843e-05 2.301e-05 1.992e-04 -1.000 4.564e-04 0.398 1.224 0.637 0.347 0.284 0.274 0.278
0.00043772 -1.55000 10.06819 0.8149580956 2.4238453948 0.749 1.752 3.7801 2.634 4 0.000 0.526 0.00 0.00 0.00 0.00 0.00 -1 -1e-30 0.00 7.438e-01 2.558e-01 7.843e-05 2.301e-05 1.992e-04 -1.000 4.564e-04 0.391 1.230 0.638 0.340 0.273 0.261 0.265
0.00043772 -1.55000 10.06819 0.8149630427 2.4238470527 0.749 1.752 3.7799 2.632 4 0.000 0.526 0.00 0.00 0.00 0.00 0.00 -1 -1e-30 0.00 7.438e-01 2.558e-01 7.843e-05 2.301e-05 1.992e-04 -1.000 4.564e-04 0.391 1.230 0.638 0.339 0.272 0.260 0.264
0.00043772 -1.55000 10.06819 0.8149713874 2.4238498492 0.749 1.752 3.7795 2.630 4 0.000 0.526 0.00 0.00 0.00 0.00 0.00 -1 -1e-30 0.00 7.438e-01 2.558e-01 7.843e-05 2.301e-05 1.992e-04 -1.000 4.564e-04 0.389 1.232 0.638 0.338 0.270 0.258 0.261
0.00043772 -1.55000 10.06819 0.8150205612 2.4238663273 0.749 1.755 3.7771 2.617 4 0.000 0.526 0.00 0.00 0.00 0.00 0.00 -1 -1e-30 0.00 7.438e-01 2.558e-01 7.843e-05 2.301e-05 1.992e-04 -1.000 4.564e-04 0.381 1.239 0.639 0.330 0.257 0.243 0.245
0.00043772 -1.55000 10.06819 0.8150684834 2.4238823837 0.749 1.759 3.7745 2.604 4 0.000 0.526 0.00 0.00 0.00 0.00 0.00 -1 -1e-30 0.00 7.438e-01 2.558e-01 7.843e-05 2.301e-05 1.992e-04 -1.000 4.564e-04 0.372 1.247 0.639 0.321 0.244 0.227 0.228
0.00043772 -1.55000 10.06819 0.8151198030 2.4238995761 0.749 1.764 3.7715 2.587 4 0.000 0.526 0.00 0.00 0.00 0.00 0.00 -1 -1e-30 0.00 7.438e-01 2.558e-01 7.843e-05 2.301e-05 1.992e-04 -1.000 4.564e-04 0.361 1.255 0.639 0.310 0.227 0.208 0.207
0.00043772 -1.55000 10.06819 0.8151686192 2.4239159275 0.749 1.768 3.7687 2.571 4 0.000 0.526 0.00 0.00 0.00 0.00 0.00 -1 -1e-30 0.00 7.438e-01 2.558e-01 7.843e-05 2.301e-05 1.992e-04 -1.000 4.565e-04 0.349 1.263 0.637 0.298 0.210 0.188 0.186
0.00043772 -1.55000 10.06819 0.8152152896 2.4239315580 0.749 1.773 3.7661 2.556 4 0.000 0.526 0.00 0.00 0.00 0.00 0.00 -1 -1e-30 0.00 7.438e-01 2.558e-01 7.843e-05 2.301e-05 1.992e-04 -1.000 4.564e-04 0.336 1.267 0.634 0.286 0.194 0.169 0.167
0.00043772 -1.55000 10.06819 0.8152635098 2.4239477054 0.749 1.779 3.7636 2.540 4 0.000 0.526 0.00 0.00 0.00 0.00 0.00 -1 -1e-30 0.00 7.438e-01 2.558e-01 7.843e-05 2.301e-05 1.992e-04 -1.000 4.564e-04 0.323 1.270 0.63 0.272 0.176 0.149 0.145
0.00043772 -1.55000 10.06819 0.8153108358 2.4239635513 0.750 1.784 3.7614 2.526 4 0.000 0.526 0.00 0.00 0.00 0.00 0.00 -1 -1e-30 0.00 7.438e-01 2.558e-01 7.843e-05 2.301e-05 1.992e-04 -1.000 4.565e-04 0.309 1.272 0.625 0.259 0.159 0.129 0.125
0.00043772 -1.55000 10.06819 0.8153586388 2.4239795546 0.750 1.790 3.7592 2.512 4 0.000 0.526 0.00 0.00 0.00 0.00 0.00 -1 -1e-30 0.00 7.438e-01 2.558e-01 7.843e-05 2.301e-05 1.992e-04 -1.000 4.564e-04 0.295 1.272 0.619 0.245 0.141 0.109 0.104
0.00043772 -1.55000 10.06819 0.8154064417 2.4239955558 0.750 1.796 3.7572 2.497 4 0.000 0.526 0.00 0.00 0.00 0.00 0.00 -1 -1e-30 0.00 7.438e-01 2.558e-01 7.843e-05 2.301e-05 1.992e-04 -1.000 4.564e-04 0.279 1.272 0.611 0.230 0.122 0.088 0.082
0.00043772 -1.55000 10.06819 0.8154546022 2.4240116746 0.750 1.804 3.7548 2.480 4 0.000 0.526 0.00 0.00 0.00 0.00 0.00 -1 -1e-30 0.00 7.438e-01 2.558e-01 7.843e-05 2.301e-05 1.992e-04 -1.000 4.564e-04 0.260 1.270 0.601 0.210 0.099 0.063 0.056
0.00043772 -1.55000 10.06819 0.8154641986 2.4240148861 0.750 1.804 3.7553 2.482 4 0.000 0.526 0.00 0.00 0.00 0.00 0.00 -1 -1e-30 0.00 7.438e-01 2.558e-01 7.843e-05 2.301e-05 1.992e-04 -1.000 4.564e-04 0.261 1.268 0.6 0.212 0.101 0.065 0.059
0.00043772 -1.55000 10.06819 0.8155136108 2.4240314211 0.750 1.815 3.7521 2.459 4 0.000 0.526 0.00 0.00 0.00 0.00 0.00 -1 -1e-30 0.00 7.438e-01 2.558e-01 7.843e-05 2.301e-05 1.992e-04 -1.000 4.565e-04 0.233 1.264 0.584 0.184 0.068 0.029 0.021
0.00043772 -1.55000 10.06819 0.8155621886 2.4240476745 0.750 1.830 3.7485 2.429 4 0.000 0.526 0.00 0.00 0.00 0.00 0.00 -1 -1e-30 0.00 7.438e-01 2.558e-01 7.843e-05 2.301e-05 1.992e-04 -1.000 4.565e-04 0.194 1.253 0.56 0.146 0.024 -0.019 -0.028
0.00043772 -1.55000 10.06819 0.8156031966 2.4240613935 0.750 1.861 3.7425 2.374 4 0.000 0.526 0.00 0.00 0.00 0.00 0.00 -1 -1e-30 0.00 7.438e-01 2.558e-01 7.843e-05 2.301e-05 1.992e-04 -1.000 4.564e-04 0.117 1.225 0.506 0.070 -0.062 -0.111 -0.123
0.00043772 -1.55000 10.06819 0.8156253695 2.4240688107 0.750 1.900 3.7357 2.308 4 0.000 0.526 0.00 0.00 0.00 0.00 0.00 -1 -1e-30 0.00 7.438e-01 2.558e-01 7.843e-05 2.301e-05 1.992e-04 -1.000 4.564e-04 0.019 1.186 0.435 -0.026 -0.169 -0.226 -0.241
0.00043772 -1.55000 10.06819 0.8156353235 2.4240721403 0.750 1.941 3.7296 2.242 4 0.000 0.526 0.00 0.00 0.00 0.00 0.00 -1 -1e-30 0.00 7.438e-01 2.558e-01 7.843e-05 2.301e-05 1.992e-04 -1.000 4.564e-04 -0.083 1.141 0.3580000000 -0.126 -0.280 -0.343 -0.361
0.00043772 -1.55000 10.06819 0.8156398535 2.4240736555 0.750 1.982 3.7242 2.179 4 0.000 0.526 0.00 0.00 0.00 0.00 0.00 -1 -1e-30 0.00 7.438e-01 2.558e-01 7.843e-05 2.301e-05 1.992e-04 -1.000 4.564e-04 -0.186 1.093 0.278 -0.227 -0.390 -0.459 -0.479
0.00043772 -1.55000 10.06819 0.8156419396 2.4240743533 0.750 2.019 3.7199 2.125 4 0.000 0.526 0.00 0.00 0.00 0.00 0.00 -1 -1e-30 0.00 7.438e-01 2.558e-01 7.843e-05 2.301e-05 1.992e-04 -1.000 4.564e-04 -0.278 1.045 0.205 -0.317 -0.487 -0.561 -0.583
0.00043772 -1.55000 10.06819 0.8156427741 2.4240746324 0.750 2.041 3.7177 2.095 7 0.000 0.526 0.00 0.00 0.00 0.00 0.00 -1 -1e-30 0.00 7.438e-01 2.558e-01 7.843e-05 2.301e-05 1.992e-04 -1.000 4.564e-04 -0.332 1.017 0.1619999999 -0.370 -0.543 -0.620 -0.643
0.00043772 -1.55000 10.06819 0.8156439066 2.4240750112 0.750 2.082 3.7140 2.039 7 0.000 0.526 0.00 0.00 0.00 0.00 0.00 -1 -1e-30 0.00 7.438e-01 2.558e-01 7.843e-05 2.301e-05 1.992e-04 -1.000 4.564e-04 -0.435 0.956 0.077 -0.470 -0.650 -0.731 -0.757
0.00043772 -1.55000 10.06819 0.8156449199 2.4240753501 0.750 2.118 3.7109 1.991 7 0.000 0.526 0.00 0.00 0.00 0.00 0.00 -1 -1e-30 0.00 7.438e-01 2.558e-01 7.843e-05 2.301e-05 1.992e-04 -1.000 4.564e-04 -0.525 0.902 0.0020000000 -0.558 -0.743 -0.827 -0.854
0.00043772 -1.55000 10.06819 0.8156458735 2.4240756691 0.750 2.143 3.7090 1.958 7 0.000 0.526 0.00 0.00 0.00 0.00 0.00 -1 -1e-30 0.00 7.438e-01 2.558e-01 7.843e-05 2.301e-05 1.992e-04 -1.000 4.564e-04 -0.587 0.865 -0.05 -0.618 -0.808 -0.894 -0.922
0.00043772 -1.55000 10.06819 0.8156468272 2.4240759881 0.750 2.162 3.7076 1.933 7 0.000 0.526 0.00 0.00 0.00 0.00 0.00 -1 -1e-30 0.00 7.438e-01 2.558e-01 7.843e-05 2.301e-05 1.992e-04 -1.000 4.564e-04 -0.635 0.837 -0.09 -0.664 -0.856 -0.944 -0.973
0.00043772 -1.55000 10.06819 0.8156483173 2.4240764865 0.750 2.167 3.7073 1.927 7 0.000 0.526 0.00 0.00 0.00 0.00 0.00 -1 -1e-30 0.00 7.438e-01 2.558e-01 7.843e-05 2.301e-05 1.992e-04 -1.000 4.565e-04 -0.647 0.830 -0.099999999 -0.676 -0.868 -0.957 -0.986
0.00043772 -1.55000 10.06819 0.8156510592 2.4240774036 0.750 2.160 3.7078 1.936 7 0.000 0.526 0.00 0.00 0.00 0.00 0.00 -1 -1e-30 0.00 7.438e-01 2.558e-01 7.843e-05 2.301e-05 1.992e-04 -1.000 4.565e-04 -0.630 0.839 -0.086 -0.660 -0.851 -0.939 -0.968
0.00043772 -1.55000 10.06819 0.8156555891 2.4240789188 0.750 2.149 3.7087 1.951 7 0.000 0.526 0.00 0.00 0.00 0.00 0.00 -1 -1e-30 0.00 7.438e-01 2.558e-01 7.843e-05 2.301e-05 1.992e-04 -1.000 4.564e-04 -0.602 0.855 -0.063 -0.632 -0.822 -0.909 -0.937
0.00043772 -1.55000 10.06819 0.8156830668 2.4240881091 0.750 2.161 3.7075 1.934 7 0.000 0.526 0.00 0.00 0.00 0.00 0.00 -1 -1e-30 0.00 7.438e-01 2.558e-01 7.843e-05 2.301e-05 1.992e-04 -1.000 4.564e-04 -0.633 0.841 -0.087 -0.662 -0.854 -0.942 -0.971
0.00043772 -1.55000 10.06819 0.8156998158 2.4240937106 0.750 2.176 3.7061 1.913 7 0.000 0.526 0.00 0.00 0.00 0.00 0.00 -1 -1e-30 0.00 7.438e-01 2.558e-01 7.843e-05 2.301e-05 1.992e-04 -1.000 4.564e-04 -0.671 0.821 -0.118000000 -0.699 -0.893 -0.983 -1.013
0.00043772 -1.55000 10.06819 0.8157200813 2.4241004879 0.750 2.218 3.7028 1.858 7 0.000 0.526 0.00 0.00 0.00 0.00 0.00 -1 -1e-30 0.00 7.438e-01 2.558e-01 7.843e-05 2.301e-05 1.992e-04 -1.000 4.565e-04 -0.775 0.763 -0.203 -0.800 -1.000 -1.094 -1.126
0.00043772 -1.55000 10.06819 0.8157407641 2.4241074043 0.750 2.263 3.6993 1.800 7 0.000 0.526 0.00 0.00 0.00 0.00 0.00 -1 -1e-30 0.00 7.438e-01 2.558e-01 7.843e-05 2.301e-05 1.992e-04 -1.000 4.564e-04 -0.887 0.700 -0.296 -0.908 -1.115 -1.214 -1.247
0.00043772 -1.55000 10.06819 0.8157593012 2.4241136028 0.750 2.306 3.6961 1.743 7 0.000 0.526 0.00 0.00 0.00 0.00 0.00 -1 -1e-30 0.00 7.438e-01 2.558e-01 7.843e-05 2.301e-05 1.992e-04 -1.000 4.564e-04 -0.995 0.641 -0.384 -1.012 -1.225 -1.328 -1.363
0.00043772 -1.55000 10.06819 0.8157758117 2.4241191234 0.750 2.349 3.6930 1.688 7 0.000 0.526 0.00 0.00 0.00 0.00 0.00 -1 -1e-30 0.00 7.438e-01 2.558e-01 7.842e-05 2.301e-05 1.992e-04 -1.000 4.519e-04 -1.102 0.582 -0.472 -1.115 -1.334 -1.440 -1.478
0.00043772 -1.55000 10.06819 0.8157903552 2.4241239862 0.750 2.391 3.6899 1.634 7 0.000 0.525 0.00 0.00 0.00 0.00 0.00 -1 -1e-30 0.00 7.438e-01 2.558e-01 7.841e-05 2.301e-05 1.992e-04 -1.000 4.504e-04 -1.208 0.525 -0.557999999 -1.216 -1.441 -1.551 -1.590
0.00043772 -1.55000 10.06819 0.8158031106 2.4241282508 0.750 2.433 3.6869 1.580 7 0.000 0.525 0.00 0.00 0.00 0.00 0.00 -1 -1e-30 0.00 7.438e-01 2.558e-01 7.836e-05 2.303e-05 1.992e-04 -1.000 4.505e-04 -1.312 0.471 -0.642 -1.315 -1.545 -1.660 -1.701
0.00043772 -1.55000 10.06819 0.8158143759 2.4241320171 0.750 2.474 3.6839 1.526 7 0.000 0.523 0.00 0.00 0.00 0.00 0.00 -1 -1e-30 0.00 7.438e-01 2.558e-01 7.816e-05 2.313e-05 1.992e-04 -1.000 4.509e-04 -1.416 0.429 -0.723 -1.415 -1.651 -1.770 -1.812
0.00043772 -1.55000 10.06819 0.8158247471 2.4241354845 0.750 2.517 3.6809 1.472 7 0.000 0.518 6.96 5.53 3.92 3.03 2.45 3 -1e-30 0.00 7.438e-01 2.558e-01 7.758e-05 2.356e-05 1.992e-04 -1.000 4.565e-04 -1.522 0.399 -0.804999999 -1.518 -1.760 -1.882 -1.927
0.00043772 -1.55000 10.06819 0.8158341050 2.4241386129 0.750 2.559 3.6778 1.418 7 0.000 0.510 7.81 6.10 4.30 3.34 2.70 3 -1e-30 0.00 7.437e-01 2.558e-01 7.637e-05 2.475e-05 1.992e-04 -1.000 4.564e-04 -1.627 0.377 -0.882 -1.620 -1.868 -1.994 -2.041
0.00043772 -1.55000 10.06819 0.8158428669 2.4241415420 0.750 2.602 3.6746 1.362 7 0.000 0.498 8.80 6.74 4.74 3.68 2.98 3 -1e-30 0.00 7.437e-01 2.558e-01 7.462e-05 2.678e-05 1.992e-04 -1.000 4.564e-04 -1.735 0.363 -0.959 -1.724 -1.979 -2.109 -2.158
0.00043772 -1.55000 10.06819 0.8158510923 2.4241442918 0.750 2.645 3.6714 1.306 7 0.000 0.486 9.91 7.46 5.22 4.06 3.29 3 -1e-30 0.00 7.437e-01 2.559e-01 7.282e-05 2.897e-05 1.992e-04 -1.000 4.535e-04 -1.843 0.357 -1.033 -1.828 -2.090 -2.225 -2.275
0.00043772 -1.55000 10.06819 0.8158588409 2.4241468820 0.750 2.688 3.6681 1.249 7 0.000 0.475 11.17 8.26 5.75 4.48 3.63 3 -1e-30 0.00 7.436e-01 2.560e-01 7.121e-05 3.094e-05 1.992e-04 -1.000 4.564e-04 -1.951 0.359 -1.104 -1.931 -2.201 -2.340 -2.393
0.00043772 -1.55000 10.06819 0.8158663511 2.4241493925 0.750 2.732 3.6648 1.193 7 0.000 0.466 12.60 9.15 6.34 4.95 4.01 2 -1e-30 0.00 7.435e-01 2.560e-01 6.983e-05 3.264e-05 1.991e-04 -1.000 4.565e-04 -2.059 0.370 -1.171 -2.033 -2.310 -2.454 -2.510
0.00043772 -1.55000 10.06819 0.8158735037 2.4241517834 0.750 2.775 3.6616 1.137 7 0.000 0.459 14.19 10.13 6.99 5.46 4.42 2 -1e-30 0.00 7.434e-01 2.561e-01 6.867e-05 3.406e-05 1.991e-04 -1.000 4.565e-04 -2.167 0.388 -1.234999999 -2.134 -2.419 -2.568 -2.626
0.00043772 -1.55000 10.06819 0.8158799410 2.4241539352 0.750 2.817 3.6583 1.082 7 0.000 0.452 15.96 11.19 7.69 6.02 4.87 2 -1e-30 0.00 7.434e-01 2.562e-01 6.766e-05 3.530e-05 1.991e-04 -1.000 4.564e-04 -2.272 0.417 -1.293 -2.231 -2.525 -2.679 -2.740
0.00043772 -1.55000 10.06819 0.8158853054 2.4241557283 0.750 2.856 3.6552 1.030 7 0.000 0.447 17.80 12.28 8.40 6.58 5.33 2 -1e-30 0.00 7.433e-01 2.563e-01 6.685e-05 3.629e-05 1.990e-04 -1.000 4.564e-04 -2.369 0.416 -1.351 -2.316 -2.619 -2.778 -2.841
0.00043772 -1.55000 10.06819 0.8158898354 2.4241572425 0.750 2.894 3.6522 0.980 7 0.000 0.442 19.83 13.46 9.17 7.19 5.83 2 -1e-30 0.00 7.431e-01 2.564e-01 6.615e-05 3.715e-05 1.989e-04 -1.000 4.564e-04 -2.466 0.415 -1.407 -2.400 -2.712 -2.876 -2.942
0.00043772 -1.55000 10.06819 0.8158936501 2.4241585176 0.750 2.934 3.6490 0.927 7 0.000 0.438 22.17 14.80 10.04 7.89 6.39 2 -1e-30 0.00 7.430e-01 2.566e-01 6.551e-05 3.796e-05 1.988e-04 -1.000 4.535e-04 -2.565 0.422 -1.46 -2.485 -2.807 -2.977 -3.045
0.00043772 -1.55000 10.06819 0.8158973455 2.4241597528 0.750 2.978 3.6454 0.869 7 0.000 0.435 25.09 16.44 11.10 8.74 7.08 1 -1e-30 0.00 7.428e-01 2.567e-01 6.491e-05 3.873e-05 1.987e-04 -1.000 4.565e-04 -2.675 0.431 -1.517 -2.577 -2.911 -3.088 -3.159
0.00043772 -1.55000 10.06819 0.8159010410 2.4241609880 0.750 3.025 3.6416 0.806 7 0.000 0.432 28.65 18.40 12.36 9.75 7.90 1 -1e-30 0.00 7.427e-01 2.568e-01 6.444e-05 3.937e-05 1.984e-04 -1.000 4.565e-04 -2.793 0.441 -1.578 -2.676 -3.022 -3.206 -3.280
0.00043772 -1.55000 10.06819 0.8159043193 2.4241620837 0.750 3.077 3.6373 0.737 7 0.000 0.430 33.20 20.86 13.93 11.00 8.93 1 -1e-30 0.00 7.426e-01 2.570e-01 6.405e-05 3.994e-05 1.982e-04 -1.000 4.564e-04 -2.923 0.456 -1.639 -2.782 -3.142 -3.336 -3.413
0.00043772 -1.55000 10.06819 0.8159054518 2.4241624622 0.750 3.109 3.6346 0.695 7 0.000 0.429 36.32 22.51 14.98 11.85 9.61 1 -1e-30 0.00 7.426e-01 2.570e-01 6.392e-05 4.016e-05 1.981e-04 -1.000 4.564e-04 -3.002 0.469 -1.674 -2.845 -3.214 -3.413 -3.493
0.00043772 -1.55000 10.06819 0.8159056902 2.4241625419 0.750 3.117 3.6339 0.684 7 0.000 0.429 37.21 22.98 15.28 12.09 9.81 1 -1e-30 0.00 7.425e-01 2.570e-01 6.388e-05 4.024e-05 1.981e-04 -1.000 4.564e-04 -3.023 0.472 -1.683 -2.862 -3.234 -3.434 -3.515
0.00043772 -1.55000 10.06819 0.8159059882 2.4241626415 0.750 3.131 3.6328 0.666 7 0.000 0.429 38.66 23.74 15.76 12.48 10.12 1 -1e-30 0.00 7.425e-01 2.571e-01 6.382e-05 4.038e-05 1.980e-04 -1.000 4.565e-04 -3.057 0.476 -1.698 -2.889 -3.265 -3.468 -3.550
0.00043772 -1.55000 10.06819 0.8159064651 2.4241628009 0.750 3.158 3.6305 0.629 7 0.000 0.427 41.80 25.37 16.80 13.31 10.80 1 -1e-30 0.00 7.423e-01 2.572e-01 6.345e-05 4.111e-05 1.976e-04 -1.000 4.566e-04 -3.125 0.488 -1.727 -2.943 -3.328 -3.535 -3.619
0.00043772 -1.55000 10.06819 0.8159067035 2.4241628806 0.750 3.178 3.6287 0.602 7 0.545 0.426 44.26 26.64 17.59 13.95 11.32 1 -1e-30 0.00 7.422e-01 2.574e-01 6.305e-05 4.185e-05 1.971e-04 -1.000 4.564e-04 -3.175 0.497 -1.746999999 -2.982 -3.372 -3.583 -3.669
0.00043772 -1.55000 10.06819 0.8159067631 2.4241629005 0.750 3.387 3.6134 0.331 8 0.545 0.396 78.67 43.43 28.06 22.41 18.21 1 -1.06e-06 0.00 7.322e-01 2.675e-01 5.841e-05 5.367e-05 1.982e-04 -1.000 3.386e-04 -3.698 0.504 -1.954 -3.383 -3.843 -4.091 -4.192
0.00043772 -1.55000 10.06819 0.8159068227 2.4241629205 0.750 3.232 3.6242 0.530 8 0.545 0.393 51.54 30.32 19.91 15.81 12.84 1 -5.17e-07 0.00 7.322e-01 2.675e-01 5.841e-05 5.367e-05 1.982e-04 -1.000 3.386e-04 -3.309 0.514 -1.802 -3.085 -3.492 -3.713 -3.803
0.00043772 -1.55000 10.06819 0.8159068823 2.4241629404 0.749 3.087 3.6370 0.726 8 0.545 0.393 34.02 21.29 14.21 11.23 9.11 1 -2.63e-07 0.00 7.322e-01 2.675e-01 5.841e-05 5.367e-05 1.982e-04 -1.000 3.386e-04 -2.947 0.447 -1.657 -2.805 -3.166 -3.360 -3.438
0.00043772 -1.55000 10.06819 0.8159070611 2.4241630001 0.747 2.892 3.6543 0.989 8 0.545 0.393 19.42 13.22 9.01 7.07 5.73 2 -1.04e-07 0.00 7.322e-01 2.675e-01 5.841e-05 5.367e-05 1.982e-04 -1.000 3.386e-04 -2.459 0.371 -1.423 -2.402 -2.709 -2.870 -2.933
0.00043772 -1.55000 10.06819 0.8159072995 2.4241630798 0.744 2.897 3.6537 0.979 8 0.545 0.393 19.80 13.44 9.15 7.19 5.82 2 -1.08e-07 0.00 7.322e-01 2.675e-01 5.841e-05 5.367e-05 1.982e-04 -1.000 3.386e-04 -2.473 0.375 -1.43 -2.414 -2.722 -2.884 -2.949
0.00043772 -1.55000 10.06819 0.8159075975 2.4241631794 0.741 2.995 3.6450 0.845 8 0.546 0.393 26.29 17.10 11.52 9.08 7.36 1 -1.74e-07 0.00 7.322e-01 2.675e-01 5.841e-05 5.367e-05 1.982e-04 -1.000 3.386e-04 -2.717 0.415 -1.548 -2.617 -2.952 -3.130 -3.202
0.00043772 -1.55000 10.06819 0.8159079552 2.4241632990 0.737 3.150 3.6312 0.632 8 0.546 0.393 41.33 25.10 16.61 13.17 10.69 1 -3.71e-07 0.00 7.322e-01 2.675e-01 5.841e-05 5.367e-05 1.982e-04 -1.000 3.386e-04 -3.105 0.490 -1.717 -2.927 -3.309 -3.515 -3.599
0.00043772 -1.55000 10.06819 0.8159083724 2.4241634384 0.733 3.284 3.6192 0.448 8 0.546 0.393 61.18 35.00 22.82 18.18 14.77 1 -7.06e-07 0.00 7.322e-01 2.675e-01 5.841e-05 5.367e-05 1.982e-04 -1.000 3.386e-04 -3.441 0.555 -1.834 -3.179 -3.608 -3.841 -3.935
0.00043772 -1.55000 10.06819 0.8159088492 2.4241635978 0.728 3.373 3.6112 0.324 8 0.547 0.393 79.51 43.68 28.20 22.55 18.32 1 -1.08e-06 0.00 7.322e-01 2.675e-01 5.841e-05 5.367e-05 1.982e-04 -1.000 3.386e-04 -3.662 0.587 -1.883 -3.331 -3.798 -4.051 -4.154
0.00043772 -1.55000 10.06819 0.8159094453 2.4241637970 0.722 3.422 3.6067 0.254 8 0.547 0.393 92.24 49.50 31.77 25.46 20.69 1 -1.39e-06 0.00 7.322e-01 2.675e-01 5.841e-05 5.367e-05 1.982e-04 -1.000 3.386e-04 -3.785 0.603 -1.904 -3.411 -3.901 -4.167 -4.274
0.00043772 -1.55000 10.06819 0.8159100413 2.4241639962 0.716 3.447 3.6043 0.215 8 0.548 0.393 100.09 52.99 33.90 27.20 22.11 1 -1.6e-06 0.00 7.322e-01 2.675e-01 5.841e-05 5.367e-05 1.982e-04 -1.000 3.386e-04 -3.849 0.614 -1.911 -3.451 -3.954 -4.227 -4.336
0.00043772 -1.55000 10.06819 0.8159106970 2.4241642154 0.709 3.464 3.6027 0.188 8 0.548 0.393 105.88 55.51 35.43 28.45 23.13 1 -1.77e-06 0.00 7.322e-01 2.675e-01 5.841e-05 5.367e-05 1.982e-04 -1.000 3.386e-04 -3.890 0.624 -1.913 -3.476 -3.988 -4.265 -4.376
0.00043772 -1.55000 10.06819 0.8159133792 2.4241651119 0.550 -9.999 4.0000 1.730 9 0.550 0.000 0.00 0.00 0.00 0.00 0.00 -1 -1e-30 0.00 7.322e-01 2.675e-01 5.841e-05 5.367e-05 1.982e-04 -1.000 3.386e-04 29.767 30.101 29.983999999 30.241 30.470 30.551 30.639
